000027
000032
000037
000042
000047
000052
000057
000062
000067
000072
000077
000082
000087
000092
000097
000102
000107
000112
000117
000122
000127
000132
000137
000142
000147
000152
000157
000162
000167
000172
000177
000182
000187
000192
000197
000202
000207
000212
000217
000222
000227
000232
000237
000242
000247
000252
000257
000262
000267
000272
000306
000311
000316
000321
000326
000331
000336
000341
000346
000351
000356
000361
000366
000371
000376
000381
000386
000391
000396
000401
000406
000411
000416
000421
000426
000431
000436
000441
000446
000451
000456
000461
000466
000471
000476
000481
000486
000491
000496
000501
000506
000511
000516
000521
000526
000531
000536
000541
000546
000551
000559
000585
000590
000595
000600
000605
000610
000615
000620
000625
000630
000635
000640
000645
000650
000655
000660
000665
000670
000675
000680
000685
000690
000695
000700
000705
000710
000715
000720
000725
000730
000735
000740
000745
000750
000755
000760
000765
000770
000775
000780
000785
000790
000795
000800
000805
000810
000815
000820
000825
000830
000864
000869
000874
000879
000884
000889
000894
000899
000904
000909
000914
000919
000924
000929
000934
000939
000944
000949
000954
000959
000964
000969
000974
000979
000984
000989
000994
000999
001004
001009
001014
001019
001024
001029
001034
001039
001044
001049
001054
001059
001064
001069
001074
001079
001084
001089
001094
001099
001104
001109
001143
001148
001153
001158
001163
001168
001173
001178
001183
001188
001193
001198
001203
001208
001213
001218
001223
001228
001233
001238
001243
001248
001253
001258
001263
001268
001273
001278
001283
001288
001293
001298
001303
001308
001313
001318
001323
001328
001333
001338
001343
001348
001353
001358
001363
001368
001373
001378
001383
001388
001442
001447
001452
001457
001462
001467
001472
001477
001482
001487
001492
001497
001502
001507
001512
001517
001522
001527
001532
001537
001542
001547
001552
001557
001562
001567
001572
001577
001582
001587
001592
001597
001602
001607
001612
001617
001622
001627
001632
001637
001642
001647
001652
001657
001662
001667
001700
001705
001710
001715
001720
001725
001730
001735
001740
001745
001750
001755
001760
001765
001770
001775
001780
001785
001790
001795
001800
001805
001810
001815
001820
001825
001830
001835
001840
001845
001850
001855
001860
001865
001870
001875
001880
001885
001890
001895
001900
001905
001910
001915
001920
001925
001930
001935
001969
001974
001979
001984
001989
001994
001999
002004
002009
002014
002019
002024
002029
002034
002039
002044
002109
002114
002119
002124
002129
002134
002139
002144
002149
002154
002159
002164
002169
002174
002179
002184
002189
002194
002199
002204
002209
002214
002268
002273
002278
002283
002288
002293
002298
002303
002308
002313
002318
002323
002328
002333
002338
002343
002348
002353
002358
002363
002368
002373
002378
002383
002388
002393
002398
002403
002408
002413
002418
002423
002428
002433
002438
002443
002448
002453
002458
002463
002468
002473
002478
002483
002488
002493
002527
002532
002537
002542
002547
002552
002557
002562
002567
002572
002577
002582
002587
002592
002597
002602
002607
002612
002617
002622
002627
002632
002637
002642
002647
002652
002657
002662
002667
002672
002677
002682
002687
002692
002697
002702
002707
002712
002717
002722
002727
002732
002737
002742
002747
002752
002757
002762
002767
002772
002806
002811
002816
002821
002826
002831
002836
002841
002846
002851
002856
002861
002866
002871
002876
002881
002886
002891
002896
002901
002906
002911
002916
002921
002926
002931
002936
002941
002946
002951
002956
002961
002966
002971
002976
002981
002996
003001
003006
003011
003016
003021
003026
003031
003036
003041
003046
003051
003085
003090
003095
003100
003105
003110
003115
003120
003125
003130
003135
003140
003145
003150
003155
003160
003165
003170
003175
003180
003185
003190
003195
003200
003205
003210
003215
003220
003225
003230
003235
003240
003245
003250
003255
003260
003265
003270
003275
003280
003285
003290
003295
003300
003305
003310
003315
003320
003325
003330
003364
003369
003374
003379
003384
003389
003394
003399
003404
003409
003414
003419
003424
003429
003434
003439
003444
003449
003454
003459
003464
003469
003474
003479
003484
003489
003494
003499
003504
003509
003514
003519
003524
003529
003534
003539
003544
003549
003554
003559
003564
003569
003574
003579
003584
003589
003594
003599
003604
003609
003643
003648
003653
003658
003663
003668
003673
003678
003683
003688
003693
003698
003703
003708
003713
003718
003723
003728
003733
003738
003743
003748
003753
003758
003763
003768
003773
003778
003783
003788
003793
003798
003803
003808
003813
003818
003823
003828
003833
003838
003843
003848
003853
003858
003863
003868
003873
003878
003883
003888
003922
003927
003932
003937
003942
003947
003952
003957
003962
003967
003972
003977
003982
003987
003992
003997
004002
004007
004012
004017
004022
004027
004032
004037
004042
004047
004052
004057
004062
004067
004072
004077
004082
004087
004092
004097
004102
004107
004112
004117
004122
004127
004132
004137
004142
004147
004152
004157
004162
004167
004201
004206
004211
004216
004221
004226
004231
004236
004241
004246
004251
004256
004261
004266
004271
004276
004281
004286
004291
004296
004301
004306
004311
004316
004321
004326
004331
004336
004341
004346
004351
004356
004361
004366
004371
004376
004381
004386
004391
004396
004401
004406
004411
004416
004421
004426
004431
004436
004441
004446
004480
004485
004490
004495
004500
004505
004510
004515
004520
004525
004530
004535
004540
004545
004550
004555
004560
004565
004570
004575
004580
004585
004590
004595
004600
004605
004610
004615
004620
004625
004630
004635
004640
004645
004650
004655
004660
004665
004670
004675
004680
004685
004690
004695
004700
004705
004710
004715
004720
004725
004759
004764
004769
004774
004779
004784
004789
004794
004799
004804
004809
004814
004819
004824
004829
004834
004839
004844
004849
004854
004859
004864
004869
004874
004879
004884
004889
004894
004899
004904
004909
004914
004919
004924
004929
004934
004939
004944
004949
004954
004959
004964
004969
004974
004979
004984
004989
004994
004999
005004
005038
005043
005048
005053
005058
005063
005068
005073
005078
005083
005088
005093
005098
005103
005108
005113
005118
005123
005128
005133
005138
005143
005148
005153
005158
005163
005168
005173
005178
005183
005188
005193
005198
005203
005208
005213
005218
005223
005228
005233
005238
005243
005248
005253
005258
005263
005268
005273
005278
005283
005317
005322
005327
005332
005337
005342
005347
005352
005357
005362
005367
005372
005377
005382
005387
005392
005397
005402
005407
005412
005417
005422
005427
005432
005437
005442
005447
005452
005457
005462
005467
005472
005477
005482
005487
005492
005497
005502
005507
005512
005517
005522
005527
005532
005537
005542
005547
005552
005557
005562
005596
005601
005606
005611
005616
005621
005626
005631
005636
005641
005646
005651
005656
005661
005666
005671
005676
005681
005686
005691
005696
005701
005706
005711
005716
005721
005726
005731
005736
005741
005746
005751
005756
005761
005766
005771
005776
005781
005786
005791
005796
005801
005806
005811
005816
005821
005826
005831
005836
005841
005875
005880
005885
005890
005895
005900
005905
005910
005915
005920
005925
005930
005935
005940
005945
005950
005955
005960
005965
005970
005975
005980
005985
005990
005995
006000
006005
006010
006015
006020
006025
006030
006035
006040
006045
006050
006055
006060
006065
006070
006075
006080
006085
006090
006095
006100
006105
006110
006115
006120
006143
006154
006159
006164
006169
006174
006179
006184
006189
006194
006199
006204
006209
006214
006219
006224
006229
006234
006239
006244
006249
006254
006259
006264
006269
006274
006279
006284
006289
006294
006299
006304
006309
006314
006319
006324
006329
006334
006339
006344
006349
006354
006359
006364
006369
006374
006379
006384
006389
006394
006399
006418
006433
006438
006443
006448
006453
006458
006463
006468
006473
006478
006483
006488
006493
006498
006503
006508
006513
006518
006523
006528
006533
006538
006543
006548
006553
006558
006563
006568
006573
006578
006583
006588
006593
006598
006603
006608
006613
006618
006623
006628
006633
006638
006643
006648
006653
006658
006663
006668
006673
006678
006712
006717
006722
006727
006732
006737
006742
006747
006752
006757
006762
006767
006772
006777
006782
006787
006792
006797
006802
006807
006812
006817
006822
006827
006832
006837
006842
006847
006852
006857
006862
006867
006872
006877
006882
006887
006892
006897
006902
006907
006912
006917
006922
006927
006932
006937
006942
006947
006952
006957
006991
006996
007001
007006
007011
007016
007021
007026
007031
007036
007041
007046
007051
007056
007061
007066
007071
007076
007081
007086
007091
007096
007101
007106
007111
007116
007121
007126
007131
007136
007141
007146
007151
007156
007161
007166
007171
007176
007181
007186
007191
007196
007201
007206
007211
007216
007221
007226
007231
007236
007270
007275
007280
007285
007290
007295
007300
007305
007310
007315
007320
007325
007330
007335
007340
007345
007350
007355
007360
007365
007370
007375
007380
007385
007390
007395
007400
007405
007410
007415
007420
007425
007430
007435
007440
007445
007450
007455
007460
007465
007470
007475
007480
007485
007490
007495
007500
007505
007510
007515
007549
007554
007559
007564
007569
007574
007579
007584
007589
007594
007599
007604
007609
007614
007619
007624
007629
007634
007639
007644
007649
007654
007659
007664
007669
007674
007679
007684
007689
007694
007699
007704
007709
007714
007719
007724
007729
007734
007739
007744
007749
007754
007759
007764
007769
007774
007779
007784
007789
007794
007828
007833
007838
007843
007848
007853
007858
007863
007868
007873
007878
007883
007888
007893
007898
007903
007908
007913
007918
007923
007928
007933
007938
007943
007948
007953
007958
007963
007968
007973
007978
007983
007988
007993
007998
008003
008008
008013
008018
008023
008028
008033
008038
008043
008048
008053
008058
008063
008068
008073
008107
008112
008117
008122
008127
008132
008137
008142
008147
008152
008157
008162
008167
008172
008177
008182
008187
008192
008197
008202
008207
008212
008217
008222
008227
008232
008237
008242
008247
008252
008257
008262
008267
008272
008277
008282
008287
008292
008297
008302
008307
008312
008317
008322
008327
008332
008337
008342
008347
008352
008386
008391
008396
008401
008406
008411
008416
008421
008426
008431
008436
008441
008446
008451
008456
008461
008466
008471
008476
008481
008486
008491
008496
008501
008506
008511
008516
008521
008526
008531
008536
008541
008546
008551
008556
008561
008566
008571
008576
008581
008586
008591
008596
008601
008606
008611
008616
008621
008626
008631
008665
008670
008675
008680
008685
008690
008695
008700
008705
008710
008715
008720
008725
008730
008735
008740
008745
008750
008755
008760
008765
008770
008775
008780
008785
008790
008795
008800
008805
008810
008815
008820
008825
008830
008835
008840
008845
008850
008855
008860
008865
008870
008875
008880
008885
008890
008895
008900
008905
008910
008944
008949
008954
008959
008964
008969
008974
008979
008984
008989
008994
008999
009004
009009
009014
009019
009024
009029
009034
009039
009044
009049
009054
009059
009064
009069
009074
009079
009084
009089
009094
009099
009104
009109
009114
009119
009124
009129
009134
009139
009144
009149
009154
009159
009164
009169
009174
009179
009184
009189
009215
009223
009228
009233
009238
009243
009248
009253
009258
009263
009268
009273
009278
009283
009288
009293
009298
009303
009308
009313
009318
009323
009328
009333
009338
009343
009348
009353
009358
009363
009368
009373
009378
009383
009388
009393
009398
009403
009408
009413
009418
009423
009428
009433
009438
009443
009448
009453
009458
009463
009468
009502
009507
009512
009517
009522
009527
009532
009537
009542
009547
009552
009557
009562
009567
009572
009577
009582
009587
009592
009597
009602
009607
009612
009617
009622
009627
009632
009637
009642
009647
009652
009657
009662
009667
009672
009677
009682
009687
009692
009697
009702
009707
009712
009717
009722
009727
009732
009737
009742
009747
009781
009786
009791
009796
009801
009806
009811
009816
009821
009826
009831
009836
009841
009846
009851
009856
009861
009866
009871
009876
009881
009886
009891
009896
009901
009906
009911
009916
009921
009926
009931
009936
009941
009946
009951
009956
009961
009966
009971
009976
009981
009986
009991
009996
010001
010006
010011
010016
010021
010026
010060
010065
010070
010075
010080
010085
010090
010095
010100
010105
010110
010115
010120
010125
010130
010135
010140
010145
010150
010155
010160
010165
010170
010175
010180
010185
010190
010195
010200
010205
010210
010215
010220
010225
010230
010235
010240
010245
010250
010255
010260
010265
010270
010275
010280
010285
010290
010295
010300
010305
010339
010344
010349
010354
010359
010364
010369
010374
010379
010384
010389
010394
010399
010404
010409
010414
010419
010424
010429
010434
010439
010444
010449
010454
010459
010464
010469
010474
010479
010484
010489
010494
010499
010504
010509
010514
010519
010524
010529
010534
010539
010544
010549
010554
010559
010564
010569
010574
010579
010584
010618
010623
010628
010633
010638
010643
010648
010653
010658
010663
010668
010673
010678
010683
010688
010693
010698
010703
010708
010713
010718
010723
010728
010733
010738
010743
010748
010753
010758
010763
010768
010773
010778
010783
010788
010793
010798
010803
010808
010813
010818
010823
010828
010833
010838
010843
010848
010853
010858
010863
010897
010902
010907
010912
010917
010922
010927
010932
010937
010942
010947
010952
010957
010962
010967
010972
010977
010982
010987
010992
010997
011002
011007
011012
011017
011022
011027
011032
011037
011042
011047
011052
011057
011062
011067
011072
011077
011082
011087
011092
011097
011102
011107
011112
011117
011122
011127
011132
011137
011142
011176
011181
011186
011191
011196
011201
011206
011211
011216
011221
011226
011231
011236
011241
011246
011251
011256
011261
011266
011271
011276
011281
011286
011291
011296
011301
011306
011311
011316
011321
011326
011331
011336
011341
011346
011351
011356
011361
011366
011371
011376
011381
011386
011391
011396
011401
011406
011411
011416
011421
011455
011460
011465
011470
011475
011480
011485
011490
011495
011500
011505
011510
011515
011520
011525
011530
011535
011540
011545
011550
011555
011560
011565
011570
011575
011580
011585
011590
011595
011600
011605
011610
011615
011620
011625
011630
011635
011640
011645
011650
011655
011660
011665
011670
011675
011680
011685
011690
011695
011700
011734
011739
011744
011749
011754
011759
011764
011769
011774
011779
011784
011789
011794
011799
011804
011809
011814
011819
011824
011829
011834
011839
011844
011849
011854
011859
011864
011869
011874
011879
011884
011889
011894
011899
011904
011909
011914
011919
011924
011929
011934
011939
011944
011949
011954
011959
011964
011969
011974
011979
012013
012018
012023
012028
012033
012038
012043
012048
012053
012058
012063
012068
012073
012078
012083
012088
012093
012098
012103
012108
012113
012118
012123
012128
012133
012138
012143
012148
012153
012158
012163
012168
012173
012178
012183
012188
012193
012198
012203
012208
012213
012218
012223
012228
012233
012238
012243
012248
012253
012258
012292
012297
012302
012307
012312
012317
012322
012327
012332
012337
012342
012347
012352
012357
012362
012367
012372
012377
012382
012387
012392
012397
012402
012407
012412
012417
012422
012427
012432
012437
012442
012447
012452
012457
012462
012467
012472
012477
012482
012487
012492
012497
012502
012507
012512
012517
012522
012527
012532
012537
012571
012576
012581
012586
012591
012596
012601
012606
012611
012616
012621
012626
012631
012636
012641
012646
012651
012656
012661
012666
012671
012676
012681
012686
012691
012696
012701
012706
012711
012716
012721
012726
012731
012736
012741
012746
012751
012756
012761
012766
012771
012776
012781
012786
012791
012796
012801
012806
012811
012816
012850
012855
012860
012865
012870
012875
012880
012885
012890
012895
012900
012905
012910
012915
012920
012925
012930
012935
012940
012945
012950
012955
012960
012965
012970
012975
012980
012985
012990
012995
013000
013005
013010
013015
013020
013025
013030
013035
013040
013045
013050
013055
013060
013065
013070
013075
013080
013085
013090
013095
013129
013134
013139
013144
013149
013154
013159
013164
013169
013174
013179
013184
013189
013194
013199
013204
013209
013214
013219
013224
013229
013234
013239
013244
013249
013254
013259
013264
013269
013274
013279
013284
013289
013294
013299
013304
013309
013314
013319
013324
013329
013334
013339
013344
013349
013354
013359
013364
013369
013374
013408
013413
013418
013423
013428
013433
013438
013443
013448
013453
013458
013463
013468
013473
013478
013483
013488
013493
013498
013583
013588
013593
013598
013603
013608
013613
013618
013623
013628
013633
013638
013643
013648
013653
013658
013663
013668
013673
013678
013683
013688
013693
013698
013703
013708
013713
013718
013723
013728
013733
013767
013772
013777
013782
013787
013792
013797
013802
013807
013812
013817
013822
013827
013832
013837
013842
013847
013852
013857
013862
013867
013872
013877
013882
013887
013892
013897
013902
013907
013912
013917
013922
013927
013932
013937
013942
013947
013952
013957
013962
013967
013972
013977
013982
013987
013992
013997
014002
014007
014012
014028
014046
014051
014056
014061
014066
014071
014076
014081
014086
014091
014096
014101
014106
014111
014116
014121
014126
014131
014136
014141
014146
014151
014156
014161
014166
014171
014176
014181
014186
014191
014196
014201
014206
014211
014216
014221
014226
014231
014236
014241
014246
014251
014256
014261
014266
014271
014276
014281
014286
014291
014307
014325
014330
014335
014340
014345
014350
014355
014360
014365
014370
014375
014380
014385
014390
014395
014400
014405
014410
014415
014420
014425
014430
014435
014440
014445
014450
014455
014460
014465
014470
014475
014480
014485
014490
014495
014500
014505
014510
014515
014520
014525
014530
014535
014540
014545
014550
014555
014560
014565
014570
014586
014604
014609
014614
014619
014624
014629
014634
014639
014644
014649
014654
014659
014664
014669
014674
014679
014684
014689
014694
014699
014704
014709
014714
014719
014724
014729
014734
014739
014744
014749
014754
014759
014764
014769
014774
014779
014784
014789
014794
014799
014804
014809
014814
014819
014824
014829
014834
014839
014844
014849
014865
014883
014888
014893
014898
014903
014908
014913
014918
014923
014928
014933
014938
014943
014948
014953
014958
014963
014968
014973
014978
014983
014988
014993
014998
015003
015008
015013
015018
015023
015028
015033
015038
015043
015048
015053
015058
015063
015068
015073
015078
015083
015088
015093
015098
015103
015108
015113
015118
015123
015128
015144
015162
015167
015172
015177
015182
015187
015192
015197
015202
015207
015212
015217
015222
015227
015232
015237
015242
015247
015252
015257
015262
015267
015272
015277
015282
015287
015292
015297
015302
015307
015312
015317
015322
015327
015332
015337
015342
015347
015352
015357
015362
015367
015372
015377
015382
015387
015392
015397
015402
015407
015423
015441
015446
015451
015456
015461
015466
015471
015476
015481
015486
015491
015496
015501
015506
015511
015516
015521
015526
015531
015536
015541
015546
015551
015556
015561
015566
015571
015576
015581
015586
015591
015596
015601
015606
015611
015616
015621
015626
015631
015636
015641
015646
015651
015656
015661
015666
015671
015676
015681
015686
015702
015720
015725
015730
015735
015740
015745
015750
015755
015760
015765
015770
015775
015780
015785
015790
015795
015800
015805
015810
015815
015820
015825
015830
015835
015840
015845
015850
015855
015860
015865
015870
015875
015880
015885
015890
015895
015900
015905
015910
015915
015920
015925
015930
015935
015940
015945
015950
015955
015960
015965
015981
015999
016004
016009
016014
016019
016024
016029
016034
016039
016044
016049
016054
016059
016064
016069
016074
016079
016084
016089
016094
016099
016104
016109
016114
016119
016124
016129
016134
016139
016144
016149
016154
016159
016164
016169
016174
016179
016184
016189
016194
016199
016204
016209
016214
016219
016224
016229
016234
016239
016244
016260
016278
016283
016288
016293
016298
016303
016308
016313
016318
016323
016328
016333
016338
016343
016348
016353
016358
016363
016368
016373
016378
016383
016388
016393
016398
016403
016408
016413
016418
016423
016428
016433
016438
016443
016448
016453
016458
016463
016468
016473
016478
016483
016488
016493
016498
016503
016508
016513
016518
016523
016539
016557
016562
016567
016572
016577
016582
016587
016592
016597
016602
016607
016612
016617
016622
016627
016632
016637
016642
016647
016652
016657
016662
016667
016672
016677
016682
016687
016692
016697
016702
016707
016712
016717
016722
016727
016732
016737
016742
016747
016752
016757
016762
016767
016772
016777
016782
016787
016792
016797
016802
016836
016841
016846
016851
016856
016861
016866
016871
016876
016881
016886
016891
016896
016901
016906
016911
016916
016921
016926
016931
016936
016941
016946
016951
016956
016961
016966
016971
016976
016981
016986
016991
016996
017001
017006
017011
017016
017021
017026
017031
017036
017041
017046
017051
017056
017061
017066
017071
017076
017081
017115
017120
017125
017130
017135
017140
017145
017150
017155
017160
017165
017170
017175
017180
017185
017190
017195
017200
017205
017210
017215
017220
017225
017230
017235
017240
017245
017250
017255
017260
017265
017270
017275
017280
017285
017290
017295
017300
017305
017310
017315
017320
017325
017330
017335
017340
017345
017350
017355
017360
017394
017399
017404
017409
017414
017419
017424
017429
017434
017439
017444
017449
017454
017459
017464
017469
017474
017479
017484
017489
017494
017499
017504
017509
017514
017519
017524
017529
017534
017539
017544
017549
017554
017559
017564
017569
017574
017579
017584
017589
017594
017599
017604
017609
017614
017619
017624
017629
017634
017639
017673
017678
017683
017688
017693
017698
017703
017708
017713
017718
017723
017728
017733
017738
017743
017748
017753
017758
017763
017768
017773
017778
017783
017788
017793
017798
017803
017808
017813
017818
017823
017828
017833
017838
017843
017848
017853
017858
017863
017868
017873
017878
017883
017888
017893
017898
017903
017908
017913
017918
017952
017957
017962
017967
017972
017977
017982
017987
017992
017997
018002
018007
018012
018017
018022
018027
018032
018037
018042
018047
018052
018057
018062
018067
018072
018077
018082
018087
018092
018097
018102
018107
018112
018117
018122
018127
018132
018137
018142
018147
018152
018157
018162
018167
018172
018177
018182
018187
018192
018197
018231
018236
018241
018246
018251
018256
018261
018266
018271
018276
018281
018286
018291
018296
018301
018306
018311
018316
018321
018326
018331
018336
018341
018346
018351
018356
018361
018366
018371
018376
018381
018386
018391
018396
018401
018406
018411
018416
018421
018426
018431
018436
018441
018446
018451
018456
018461
018466
018471
018476
018510
018515
018520
018525
018530
018535
018540
018545
018550
018555
018560
018565
018570
018575
018580
018585
018590
018595
018600
018605
018610
018615
018620
018625
018630
018635
018640
018645
018650
018655
018660
018665
018670
018675
018680
018685
018690
018695
018700
018705
018710
018715
018720
018725
018730
018735
018740
018745
018750
018755
018789
018794
018799
018804
018809
018814
018819
018824
018829
018834
018839
018844
018849
018854
018859
018864
018869
018874
018879
018884
018889
018894
018899
018904
018909
018914
018919
018924
018929
018934
018939
018944
018949
018954
018959
018964
018969
018974
018979
018984
018989
018994
018999
019004
019009
019014
019019
019024
019029
019034
019068
019073
019078
019083
019088
019093
019098
019103
019108
019113
019118
019123
019128
019133
019138
019143
019148
019153
019158
019163
019168
019173
019178
019183
019188
019193
019198
019203
019208
019213
019218
019223
019228
019233
019238
019243
019248
019253
019258
019263
019268
019273
019278
019283
019288
019293
019298
019303
019308
019313
019347
019352
019357
019362
019367
019372
019377
019382
019387
019392
019397
019402
019407
019412
019417
019422
019427
019432
019437
019442
019447
019452
019457
019462
019467
019472
019477
019482
019487
019492
019497
019502
019507
019512
019517
019522
019527
019532
019537
019542
019547
019552
019557
019562
019567
019572
019577
019582
019587
019592
019626
019631
019636
019641
019646
019651
019656
019661
019666
019671
019676
019681
019686
019691
019696
019701
019706
019711
019716
019721
019726
019731
019736
019741
019746
019751
019755
019756
019761
019766
019771
019776
019781
019786
019791
019796
019801
019806
019811
019816
019821
019826
019831
019836
019841
019846
019851
019856
019861
019866
019871
019905
019910
019915
019920
019925
019930
019935
019940
019945
019950
019955
019960
019965
019970
019975
019980
019985
019990
019995
020000
020005
020010
020015
020020
020025
020030
020035
020040
020045
020050
020055
020060
020065
020070
020075
020080
020085
020090
020095
020100
020105
020110
020115
020120
020125
020130
020135
020140
020145
020150
020184
020189
020194
020199
020204
020209
020214
020219
020224
020229
020234
020239
020244
020249
020254
020259
020264
020269
020274
020279
020284
020289
020294
020299
020304
020309
020314
020319
020324
020329
020334
020339
020344
020349
020354
020359
020364
020369
020374
020379
020384
020389
020394
020399
020404
020409
020414
020419
020424
020429
020463
020468
020473
020478
020483
020488
020493
020498
020503
020508
020513
020518
020523
020528
020533
020538
020543
020548
020553
020558
020563
020568
020573
020578
020583
020588
020593
020598
020603
020608
020613
020618
020623
020628
020633
020638
020643
020648
020653
020658
020663
020668
020673
020678
020683
020688
020693
020698
020703
020708
020742
020747
020752
020757
020762
020767
020772
020777
020782
020787
020792
020797
020802
020807
020812
020817
020822
020827
020832
020837
020842
020847
020852
020857
020862
020867
020872
020877
020882
020887
020892
020897
020902
020907
020912
020917
020922
020927
020932
020937
020942
020947
020952
020957
020962
020967
020972
020977
020982
020987
021021
021026
021031
021036
021041
021046
021051
021056
021061
021066
021071
021076
021081
021086
021091
021096
021101
021106
021111
021116
021121
021126
021131
021136
021141
021146
021151
021156
021161
021166
021171
021176
021181
021186
021191
021196
021201
021206
021211
021216
021221
021226
021231
021236
021241
021246
021251
021256
021261
021266
021300
021305
021310
021315
021320
021325
021330
021335
021340
021345
021350
021355
021360
021365
021370
021375
021380
021385
021390
021395
021400
021405
021410
021415
021420
021425
021430
021435
021440
021445
021450
021455
021460
021465
021470
021475
021480
021485
021490
021495
021500
021505
021510
021515
021520
021525
021530
021535
021540
021545
021579
021584
021589
021594
021599
021604
021609
021614
021619
021624
021629
021634
021639
021644
021649
021654
021659
021664
021669
021674
021679
021684
021689
021694
021699
021704
021709
021714
021719
021724
021729
021734
021739
021744
021749
021754
021759
021764
021769
021774
021779
021784
021789
021794
021799
021804
021809
021814
021819
021824
021858
021863
021868
021873
021878
021883
021888
021893
021898
021903
021908
021913
021918
021923
021928
021933
021938
021943
021948
021953
021958
021963
021968
021973
021978
021983
021988
021993
021998
022003
022008
022013
022018
022023
022028
022033
022038
022043
022048
022053
022058
022063
022068
022073
022078
022083
022088
022093
022098
022103
022137
022142
022147
022152
022157
022162
022167
022172
022177
022182
022187
022192
022197
022202
022207
022212
022217
022222
022227
022232
022237
022242
022247
022252
022257
022262
022267
022272
022277
022282
022287
022292
022297
022302
022307
022312
022317
022322
022327
022332
022337
022342
022347
022352
022357
022362
022367
022372
022377
022382
022416
022421
022426
022431
022446
022451
022456
022461
022466
022471
022476
022481
022486
022491
022496
022501
022506
022511
022516
022521
022526
022531
022536
022541
022546
022551
022556
022561
022566
022571
022576
022581
022586
022591
022596
022601
022606
022611
022616
022621
022626
022631
022636
022641
022646
022651
022656
022661
022695
022700
022705
022710
022725
022730
022735
022740
022745
022750
022755
022760
022765
022770
022775
022780
022785
022790
022795
022800
022805
022810
022815
022820
022825
022830
022835
022840
022845
022850
022855
022860
022865
022870
022875
022880
022885
022890
022895
022900
022905
022910
022915
022920
022925
022930
022935
022940
022961
022974
022979
022984
022989
023004
023009
023014
023019
023024
023029
023034
023039
023044
023049
023054
023059
023064
023069
023074
023079
023084
023089
023094
023099
023104
023109
023114
023119
023124
023129
023134
023139
023144
023149
023154
023159
023164
023169
023174
023179
023184
023189
023194
023199
023204
023209
023214
023219
023253
023258
023263
023268
023283
023288
023293
023298
023303
023308
023313
023318
023323
023328
023333
023338
023343
023348
023353
023358
023363
023368
023373
023378
023383
023388
023393
023398
023403
023408
023413
023418
023423
023428
023433
023438
023443
023448
023453
023458
023463
023468
023473
023478
023483
023488
023493
023498
023532
023537
023542
023547
023562
023567
023572
023577
023582
023587
023592
023597
023602
023607
023612
023617
023622
023627
023632
023637
023642
023647
023652
023657
023662
023667
023672
023677
023682
023687
023692
023697
023702
023707
023712
023717
023722
023727
023732
023737
023742
023747
023752
023757
023762
023767
023772
023777
023811
023816
023821
023826
023841
023846
023851
023856
023861
023866
023871
023876
023881
023886
023891
023896
023901
023906
023911
023916
023921
023926
023931
023936
023941
023946
023951
023956
023961
023966
023971
023976
023981
023986
023991
023996
024001
024006
024011
024016
024021
024026
024031
024036
024041
024046
024051
024056
024090
024095
024100
024105
024120
024125
024130
024135
024140
024145
024150
024155
024160
024165
024170
024175
024180
024185
024190
024195
024200
024205
024210
024215
024220
024225
024230
024235
024240
024245
024250
024255
024260
024265
024270
024275
024280
024285
024290
024295
024300
024305
024310
024315
024320
024325
024330
024335
024369
024374
024379
024384
024399
024404
024409
024414
024419
024424
024429
024434
024439
024444
024449
024454
024459
024464
024469
024474
024479
024484
024489
024494
024499
024504
024509
024514
024519
024524
024529
024534
024539
024544
024549
024554
024559
024564
024569
024574
024579
024584
024589
024594
024599
024604
024609
024614
024648
024653
024658
024663
024678
024683
024688
024693
024698
024703
024708
024713
024718
024723
024728
024733
024738
024743
024748
024753
024758
024763
024768
024773
024778
024783
024788
024793
024798
024803
024808
024813
024818
024823
024828
024833
024838
024843
024848
024853
024858
024863
024868
024873
024878
024883
024888
024893
024927
024932
024937
024942
024957
024962
024967
024972
024977
024982
024987
024992
024997
025002
025007
025012
025017
025022
025027
025032
025037
025042
025047
025052
025057
025062
025067
025072
025077
025082
025087
025092
025097
025102
025107
025112
025117
025122
025127
025132
025137
025142
025147
025152
025157
025162
025167
025172